2
33 20
0.960375 0.0687658 0.146199 0.45688 0.683295 -0.884897 -0.329554 0.816459 -0.584451 0.10794 -0.185206 0.117742 -0.130431 -0.253198 0.62446 0.83239 0.411423 0.294594 -0.996795 0.0739378 -1.3874 -0.0942265 -1.00554 0.608353 -0.686642 -0.198111 -1.30042 -0.642382 0.717849 -0.563486 -0.114135 0.538224 0.0852797 0.152063 
0.695104 0.188574 -0.152834 0.66555 -0.554966 0.122715 -0.0865101 0.679828 -0.199543 1.06306 -0.293371 -0.295083 0.475449 0.838053 -1.00049 0.758654 -0.228009 -0.687888 -0.615572 0.326454 0.920465 -0.582214 -1.15166 -1.23995 -0.224597 -1.29381 -0.66344 0.941268 0.804416 0.70184 -0.886668 -0.480479 -0.529586 -0.599503 
-0.534929 1.03545 0.623213 -0.361439 0.435275 1.42367 1.42162 1.0019 0.268587 1.17707 0.839958 0.268097 0.795723 0.0319483 0.440209 1.46015 1.0784 0.0806743 0.0179363 1.62675 -0.15928 0.79334 1.33294 0.59728 0.454608 1.13735 0.29912 1.12794 0.0768733 0.629534 0.228437 0.821944 -0.175019 -1.68835 
0.480505 0.000256523 -1.54468 0.342124 0.142161 -0.276093 0.099193 -0.857881 0.572004 -0.525084 0.0340672 -0.687787 -0.904934 -0.587531 -0.0271125 -0.446997 -1.08079 0.953608 -0.933658 -0.747849 0.130888 0.24095 0.689503 0.730008 0.0888901 -0.233623 0.779542 -0.822673 -0.271679 -0.535477 -0.111023 -0.511175 -0.97522 -0.655703 
0.23095 0.446941 -0.951796 0.210143 -1.13094 0.760208 -1.03494 -0.516873 -0.787579 -1.07988 0.595596 0.185309 0.733127 0.65481 0.278917 0.51947 -0.953039 -0.730195 0.32042 -0.703536 -1.42019 -0.87069 -0.077159 0.499355 0.0066372 0.511162 -0.896122 -1.24439 0.859987 -0.731343 0.919911 -0.889063 0.715598 -2.01189 
-0.23892 -1.41534 -1.55168 0.706138 0.0477843 -0.499255 -0.813737 -0.35662 0.686053 0.63939 -0.281809 0.10497 0.01886 -0.0948483 0.234775 -0.94072 -0.218384 0.514588 -0.39141 0.984457 0.433942 0.335228 0.215619 0.11782 -0.509158 0.495606 0.946477 0.570753 1.30654 0.662075 1.37887 0.347622 0.946733 -0.152808 
0.893761 -0.00548296 -1.37206 0.660024 0.917897 -1.12601 0.0194139 -0.503912 -0.161041 -0.821726 0.40124 -0.366266 0.217554 -1.23714 -0.711678 0.266144 -0.832687 0.0222642 0.441372 0.662932 -0.439916 0.0922137 0.158537 -0.913439 0.0829669 -0.23492 0.888636 0.181835 -0.887298 0.975369 0.0090266 -0.713537 -0.730114 -0.923037 
0.666487 0.167783 0.630952 0.385901 -0.0361283 -0.530089 0.284175 -0.914888 0.103646 -0.918271 -0.312033 0.531968 0.207873 0.13528 -0.865768 -0.910755 0.0782118 -0.0256843 0.321459 -0.763251 -0.219123 -1.43557 0.00182877 0.0895131 -0.113739 -0.765469 -0.0751181 -1.38471 -1.03901 0.334768 -0.0477501 -0.95252 -1.19745 -1.3968 
0.993381 0.326423 0.473113 -0.282444 0.691535 -0.423241 0.0792842 -0.340498 1.10873 -0.852843 0.514782 -0.617042 -0.343598 0.292994 0.777274 0.977861 0.529743 0.118151 -0.617714 -0.0484284 -0.372336 0.268547 0.886103 0.552546 0.443834 -1.1529 0.0273137 0.236084 -0.405423 0.809865 0.679286 0.467958 -0.283712 -0.967601 
-1.23449 -1.01218 0.869158 0.124798 -0.212676 0.697884 -0.148045 0.00210656 0.0608424 0.368357 0.595101 -0.721884 0.346218 0.264843 0.256267 0.168504 -0.643585 -0.696069 0.277051 -0.617482 -0.443523 -0.139115 -0.070386 1.14379 0.956969 0.104191 0.953656 0.496255 0.412149 -0.330057 0.0686543 0.597662 0.217766 -1.60219 
-0.41754 -1.27491 -1.9043 -0.545585 -0.972803 -1.54346 -1.17723 -1.9377 -1.12534 -0.111011 -0.952859 -1.16908 -0.802507 -0.316444 -0.585146 -1.52546 -0.0739267 -0.868669 -1.08457 -1.42431 -0.724879 -1.1276 -0.460122 -1.33122 -1.63135 -1.32797 -0.38128 -0.702692 -0.150311 -1.30351 -0.184879 -1.70785 -1.01842 -2.10918 
1.68656 0.548773 -0.552644 -0.770664 1.01107 0.0220116 -0.341675 -0.66179 1.39293 -0.00418176 -0.158234 -0.0522121 1.15036 -1.37216 -0.520881 -0.794208 0.163526 -0.10576 1.03819 -0.736596 -0.896984 -1.03316 -0.224569 -0.278263 0.664153 -0.53488 -0.761777 -0.380727 -0.26273 0.339798 -0.369909 -0.136166 -0.531429 -0.342553 
-0.746831 -1.64036 -0.620542 -0.648506 -0.322149 -0.367608 -0.952688 0.799617 -1.41982 -1.50233 0.427456 -1.3607 -0.596533 -1.10902 -0.0464611 -0.558343 -0.985614 0.196555 -1.2915 0.209817 -0.241708 -1.90735 -1.18506 -0.00348534 -0.728072 -0.167792 -1.08369 -0.977981 -1.58396 -0.755116 -1.76054 -0.630789 -0.135475 -0.681076 
-0.459295 -0.757625 -1.34868 -0.971983 -1.51801 -1.0685 -0.774308 -1.53055 -0.589204 -1.95084 -1.21957 -1.35567 -0.809184 -0.365184 -1.31911 0.019318 -0.735367 -0.140818 -0.468027 -0.0804293 -0.584304 -0.936099 -0.688222 -1.82799 -0.63408 0.127819 -0.883106 -0.554615 -1.08297 -1.31858 -1.39569 -0.262265 -0.236207 -0.764375 
0.00575151 -0.934215 -1.15288 -0.0485564 -1.18477 -0.462083 -0.439398 -0.564338 -1.69775 -1.68858 -1.22952 -1.03686 -0.109264 -0.12489 -1.19768 -1.01729 -0.365319 -0.0819811 -0.53339 -1.49354 0.0700285 -1.60747 -1.38572 -0.973078 -0.322085 -0.348692 0.38834 -1.17778 -1.33096 -0.147867 0.457848 -0.885206 -0.0820812 -0.255031 
0.586238 1.27315 0.382886 1.28684 -0.0111862 0.525137 1.29826 0.739291 1.04828 0.468994 0.594402 1.4106 0.731704 -0.350917 0.468619 -0.241687 -0.564458 0.0986472 0.410843 0.44982 -0.894431 0.348758 -0.618872 -1.50609 0.170981 -0.249829 0.186043 -0.651171 -1.01503 -0.476038 -0.506202 -0.408797 -0.482887 -1.82332 
0.158043 -1.91407 -0.578179 -0.803699 0.105218 -0.529902 -1.3347 -0.30038 -0.399302 -1.603 -0.211297 -1.07068 -0.704687 -0.935755 -1.69204 -1.15384 -1.34594 -1.16647 -1.80509 -0.404806 -0.692558 -0.354106 -0.814635 -0.806515 -1.16528 -0.12967 -2.00255 -1.97148 -0.418467 -0.64544 -1.6748 -1.54042 -0.859514 -0.272975 
-0.504123 -0.0742955 0.157124 1.12117 1.18532 1.17782 1.21817 0.954027 0.0871384 0.493485 -0.421728 -0.0448975 0.759641 0.0723372 0.908636 1.21455 -0.492469 -0.083922 0.700448 0.532895 0.669563 -0.624829 0.103225 0.50701 -0.336308 -0.335242 -0.018431 -0.311104 -0.315667 -0.757945 -0.0440782 0.00021024 0.16776 -0.286955 
-1.69862 0.0730843 0.450867 -0.500445 -0.112888 -0.181995 0.57304 0.185384 0.773108 -0.0873189 -0.742279 0.401744 0.127235 -0.374748 -0.962179 -0.172317 -1.12185 0.847385 0.482853 0.821372 1.05439 0.726545 -0.233871 -0.524037 0.535441 0.730463 0.278018 0.371363 0.150673 -0.694222 1.32441 -0.267944 0.798863 -0.624724 
0.231611 -1.29403 0.0532811 -1.73535 0.171358 -0.453611 -0.262667 0.149079 -0.911867 -0.435432 -1.08567 -1.15405 -0.44775 -1.06752 -1.30666 -1.1049 0.193849 -1.25227 -1.37835 -1.46002 -0.776304 -0.68291 -0.00955881 -1.21829 -0.611547 -1.83889 -1.19251 -0.707138 -0.96683 -1.11365 -1.21186 -0.0152189 -0.987671 -1.73858 
20 1
-2.05057 0.00368704 0.767807 -0.193235 -0.987234 1.27594 -1.90867 0.467097 -0.0381063 -0.0964169 -0.580426 -1.04477 -0.341313 -0.686576 -1.29704 -0.339664 -0.306598 0.32666 0.677426 -0.476157 0.808374 
